(2, 2) -> IMPOSSIBLE
(2, 3) -> IMPOSSIBLE
(2, 4) -> IMPOSSIBLE
A A 4 2
3 1 A A
1 A A A
A A 2 A
(2, 5) -> POSSIBLE
2 3
1 1
2 4
1 2
2 5
1 3
2 1
1 5
2 2
1 4
(3, 3) -> IMPOSSIBLE
(3, 4) -> POSSIBLE
2 2
3 4
1 3
3 2
1 1
2 3
3 1
2 4
1 2
3 3
2 1
1 4

5 9 3 12
11 1 6 8
7 4 10 2
(3, 5) -> POSSIBLE
3 2
1 1
2 3
3 1
2 4
1 2
3 3
1 4
3 5
2 2
1 5
2 1
3 4
1 3
2 5
(4, 4) ->
3 2
2 4
4 3
2 2
4 1
3 3
1 4
4 2
2 1
3 4
1 1
2 3
3 1
1 2
4 4
1 3

11 14 16 7
9 4 12 2
13 1 6 10
5 8 3 15
(4, 5) ->
1 1
3 2
2 4
4 3
1 4
3 3
1 2
4 1
2 2
3 4
1 5
2 3
3 5
4 2
1 3
4 4
2 1
4 5
3 1
2 5

1 7 15 5 11
17 9 12 3 20
19 2 6 10 13
8 14 4 16 18

(5, 5) ->
1 1
3 2
2 4
4 3
2 2
3 4
1 3
4 4
2 3
4 2
5 4
2 5
3 3
1 4
5 3
4 1
3 5
5 2
4 5
3 1
1 5
2 1
5 5
1 2
5 1

1 24 7 14 21
22 5 9 3 12
20 2 13 6 17
16 10 4 8 19
25 18 15 11 23


